width = 26
height = 37
-----------------#0#0#0#0#0----
-------------#0#0#0#0#0v0301v0301v0301#0----
-------------#0 0 0 0 0 0@0 0#0----
-------------#0 0 0 0 0 0 0 0#0#0#0#0-
-------------#0 0 0 0 0 0 0 0 0 0 0#0#0
-------------#0 0 0 0 0 0 0 0 0 0@1v0302#0
#0#0#0#0#0#0#0#0#0#0#0#0#0#0 0 0 0 0 0 0 0 0 0 0#0#0
#0 1 1 1 1 1 1 1 1 1 1 1 1#0 0 0 0 0 0 0 0 0 0 0v0302#0
#0 1 1 1 1 1 1 1 1 1 1 1 1=0 0 0#0#0#0#0#0#0#0=0#0#0
#0 1 1 1 1 1 1 1 1 1 1 1 1=0 0 0#0 0 0 0 0 0 0 0#0-
#0 1 1 1 1 1 1 1 1 1 1 1 1#0 0 0#0c3 0 0 0 0 0 0#0-
#0#0#0 1 1 1 1 1 1 1 1#0#0#0=0=0#0#0#0#0#0#0#0#0#0-
#1 1 1 1 1 1 1 1 1 1 1 1 1#0 1 1#0 1 1 1 1#0----
#1 1 1 1 1 1 1 1 1 1 1 1 1=0 1 1=0 1 1 1 1#0----
#1 1 1 1 1 1 1 1 1 1 1 1 1=0 1 1=0 1 1 1 1#0----
#1 1 1 1 1 1 1 1 1 1 1 1 1#0 1 1#0 1 1 1 1#0----
#1 1 1 1 1 1 1 1 1 1 1 1 1=0 1 1=0 1 1 1 1#0----
#1 1 1 1 1 1 1 1 1 1 1 1 1=0 1 1=0 1 1 1 1#0----
#1 1 1 1 1 1 1 1 1 1 1 1 1#0 1 1#0 1 1 1 1#0----
#1 1 1 1 1 1 1 1 1 1 1 1 1=0 1 1=0 1 1 1 1#0----
#1 1 1 1 1 1 1 1 1 1 1 1 1=0 1 1=0 1 1 1 1#0----
#1 1 1 1 1 1 1 1 1 1 1 1 1#0 1 1#0 1 1 1 1#0----
#1 1 1 1 1 1 1 1 1 1 1 1 1=0 1 1=0 1 1 1 1#0----
#1 1 1 1 1 1 1 1 1 1 1 1 1=0 1 1=0 1 1 1 1#0----
#1 1 1 1 1 1 1 1 1 1 1 1 1#1=1#0#0#0#0#0#0#0----
#1 1 1 1 1 1 1 1 1 1 1 1 1=1 0#0 0 0 0 0#0-----
#1 1 1 1 1 1 1 1 1 1 1 1 1=1 0=1 0 0 0 0#0-----
#0#0 1 1 1 1 1 1 1 1#0#0 1#1 0=1 0 0 0 0#0-----
#0#0#0c2 1 1 1 1 1 1#0#0 1#1 0#0 0 0 0 0#0-----
#0#0#0#0#0#0#0#0#0#0#0#0 1#0 0#0 0 0 0 0#0-----
#0#0#0#0#0#0#0#0#0#0#0#0=1#0 0#0 0 0 0 0#0-----
#0 0 0 0 0 0 0 0 0 0 0 0 0#0 0#0 0 0 0 0#0-----
#0 0 0 0 0 0 0 0 0 0 0 0 0#0 0#0 0 0 0c0#0-----
#0 0 0 0 0 0 0 0 0 0 0 0 0#0 0#0#0#0#0#0#0-----
#0 0 0 0 0 0 0 0 0 0 0 0 0#0 0#0----------
#0c1 0 0 0 0 0 0 0 0 0 0 0=1 0#0----------
#0#0#0#0#0#0#0#0#0#0#0#0#0#0#0#0----------
