width = 64
height = 25
--------------------------#0#0#0#0#0#0#0#0#0#0#0#0#0#0#0#0#0#0#0#0#0#0#0#0#0#0------------
------------------#0#0#0#0#0#0#0#0#0 0 0 0 0 0 0 0 0#0 0 0 0 0 0 0 0 0 0 0 0 0 0 0 0#0#0#0#0#0#0#0#0#0#0#0#0#0
------------------#0 2 2 2 2 2 2 2#0 0 0 0 0 0 0 0 0#0 0 0 0 0 0 0 0 0 0 0 0 0 0 0 0#0 2 2 2 2 2 2 2 2 2 2 2#0
-------------#0#0#0#0#0#0 2 2 2 2 2 2 2#0 0 0 0 0 0 0 0 0#0 0 0 0 0 0 0 0 0 0 0 0 0 0 0 0#0 2 2 2 2 2 2 2 2 2 2 2#0
--------------#0#0#0#0#0 2 2 2 2 2 2 2#0v0001 0 0 0 0#0 0 0 0 0 0 0 0 0 0 0 0 0 0 0 0 0 0 0#0 2 2#0#0#0 2 2 2#0#0#0#0
--------------#0#0#0#0#0 2 2 2 2 2 2 2#0v0001 0 0 0 0#0 0 0 0 0 0 0 0 0 0 0 0 0 0 0 0#0#0#0#0 0 0#0 0#0 2 2 2#0^0202^0202#0
--------------#0#0#0#0#0 2 2 2 2 2 2 2#0#0#0#0#0#0#0 0 0#0#0#0#0#0#0#0#0#0#0#0#0#0#0 3 3#0 0 0 0 0#0 2 2 2#0 0 0#0
--------------#0#0#0#0#0 2 2 2 2 2 2 2#0 2 2 2 2 2#0 0 0#0 2 2 2#0 2 2 2 2 2 2 2 2#0 3 3#0 0 0 0 0#0#0#0#0#0 0 0#0
--------------#0#0#0#0#0 2 2 2 2 2 2 2#0 2 2 2 2 2#1 0 0#1 2 2 2#0 2 2 2 2 2 2 2 2#0 3 3#0 0 0 0 0 0 0 0 0 0 0 0#0
--------------#0#0#0#0#0 2 2 2 2 2 2 2#0 2 2 2 2 2 0 0 0 0 2 2 2#0 2 2 2 2 2 2 2 2#0 3 3 0 0 0 0 0 0 0 0 0 0 0 0#0
--------------#0 0 0 0#0 2 2 2 2 2 2 2#0#0#0#0#0#0#0 0 0#0#0#0#0#0 2 2 2 2 2 2 2 2#0 3 3#0 0 0#0#0#0#0#0#0#0#0#0#0
--------------#0 0 0 0#0 2 2 2 2 2 2 2#0 2 2 2 2 2#0 0 0#0 2 2 2#0 2 2 2 2 2 2 2 2#0 3 3#0 0 0#0 2 2 2 2 2 2 2 2#0
--------------#0 0 0 0#0#0 2 2 2 2 2 2#0 2 2 2 2 2#0 0 0#0 2 2 2#0 2 2 2 2 2 2 2 2#0#0#0#0 0 0#0 2 2 2 2 2 2 2 2#0
#0#0#0#0#0#0#0#0#0#0#0#0#0#0#0 0 0 0 0#0 2 2 2 2 2 2#0 2 2 2 2 2#0 0 0#0 2 2 2#0 2 2 2 2 2 2 2 2#0 0 0 0 0 0#0 2 2 2 2 2 2 2 2#0
#0 0 0 0 0 0 0 0 0 0 0 0 0 0#0 0 0 0 0#0 2 2 2 2 2 2#0 2 2 2 2 2#0 0 0 0 2 2 2#0 2 2 2 2 2 2 2 2#0 0 0 0 0 0 0 2 2 2 2 2 2 2 2#0
#0 0 0 0 0#0 0 0 0#0 0 0 0 0#0 0 0 0 0#0#0#1=1=1=1#1#0#0#1=1=1#1#0 0 0#0#0#0#0#0#0#0#0=1#0#0#0#0#0 0 0 0 0 0#0#0#0#0#0#0#0#0#0#0
#0 0 0 0 0#0 0 0 0#0 0 0 0 0#0 0 0 0 0 0 0 0 0 0 0 0 0 0 0 0 0 0 0 0 0 0 0 0 0 0 0 0 0 0 0 0 0 0 0 0 0 0 0 0 0 0 0 0#0-----
#0#0#0#0#0#0 0 0 0#0#0#0#0#0#0 0 0 0 0 0 0 0 0 0 0 0 0 0 0 0 0 0 0 0 0 0 0 0 0 0 0 0 0 0 0 0 0 0 0 0 0#1#1#1#1#1#1#1#1-----
#0 0 0 0 0 0 0 0 0 0 0 0 0 0 0 0 0 0 0 0 0 0 0 0 0 0 0 0 0 0 0 0 0 0 0 0 0 0 0 0 0 0 0 0 0 0 0 0 0 0 0=1 2 2 2 2 2 2#1-----
#0 0 0 0 0 0 0 0 0 0 0 0 0 0 0 0 0 0 0 0 0 0 0 0 0 0 0 0 0 0 0 0 0 0 0 0 0 0 0 0 0 0 0 0 0 0 0 0 0 0 0#1 2 2 2 2 2 2#1-----
#0 0 0 0 0 0 0 0 0 0 0 0 0 0 0 0 0 0#0#0#0#1#0#1#0#1#0#1#0#1#0#0#0#0#0#0#0#0#0#0#0#0#0#0#0#0#0#0#0#0#0#1 2 2 2 2 2 2#1-----
#0 0 0 0 0 0 0 0 0 0 0 0 0 0 0 0 0 0 0 0 0#0-----------------------------#1 2 2 2 2 2 2#1-----
#0 0 0 0 0 0 0@00 0 0 0 0 0 0 0 0 0 0 0 0 0#0-----------------------------#1#1#1#1#1#1#1#1-----
#0 0 0 0 0 0 0 0 0 0 0 0 0 0 0 0 0 0 0 0 0#0------------------------------------------
#0#0#0#0#0#0#0#0#0#0#0#0#0#0#0#0#0#0#0#0#0#0------------------------------------------
