width = 55
height = 47
-----------#0#0#0#0#0#0--------------------------------------
---------#0#0#0 0 0 0 0#0#0-------------------------------------
--------#0#0 0 0 0 0 0 0 0#0#0------------------------------------
-------#0#0 0 0 0 0 0 0 0 0 0#0#0#0#0---------------------------------
-------#0 0 0 0 0 0 0 0 0 0 0 0 0 0#0#0#0#0#0---#0#0#0#0#0#0#0#0#0#0=4#1#1#1#1#1#1#1#1#1#1#1#1#1#1#1
-------#0 0 0 0 0 0 0 0 0 0 0 0 0 0 0 0 0 0#0#0#0#0#0 0 0 0 0 0#0 0 0 0 0 0 0 0#0 0 0 0 0 0 0 0 0 0 0#1
-------#0 0 0 0 0 0 0 0 0 0 0 0 0 0 0 0 0 0 0 0 0 0 0 0 0 0 0 0#0 0 0 0 0 0 0 0#0 0 0 0 0 0 0 0 0 0 0#1
-------#0 0 0 0 0 0 0 0 0 0 0 0 0 0 0 0 0 0 0 0 0#0 0 0 0 0 0 0 0 0 0 0 0 0 0 0 0 0 0 0 0 0 0 0 0 0 0#1
-------#0#0 0 0 0 0 0 0 0 0 0 0 0 0 0 0 0 0 0 0 0#0 0 0 0 0#0#0#0 0#0#0#0#0#0 0#0 0 0 0 0 0 0 0 0 0 0#1
----#0#0#0#0#0 0 0 0 0 0 0 0 0 0 0 0 0 0 0 0 0 0 0 0#0 0 0 0 0#0 0#0 0 0 0#0 0 0 0#0 0 0 0 0 0 0#0#0#0#0#1
----#0 0 0 0 0 0 0 0 0 0 0 0 0 0 0 0 0 0 0 0 0 0 0 0#0 0 0 0 0#0 0#0 0 0 0#0 0 0 0#0^0308 0 0 0 0 0 0 0 0 0#1
#0#0#0#0#0 0 0 0 0 0 0#0#0#0#0#0#0#0#0#0#0#0#0#0#0 0 0 0 0 0 0 0 0#0 0#0 0 0 0 0 0 0 0#0^0308 0 0 0 0 0#0#0#0#0#1
#0 0 0 0 0 0 0 0 0#0#0#0---#0 0 0 0<4 0 0 0 0#0 0 0 0 0 0 0 0 0#0 0#0 0 0 0 0 0 0 0#0 0 0 0 0 0 0 0 0 0 0#1
#0 0 0 0 0 0 0 0 0#0-----#0 0 0 0 0 0 0 0 0#0 0 0 0#0 0 0 0 0#0#0#0#0#0#0#0#0#0#0#0#0#0#0#0 0 0 0 0 0 0#0
#0#0#0#0#0#0 0 0 0#0#0#0#0--#0 0 0 0 0 0 0 0 0#0 0 0 0 0 0 0 0 0 0 0#0#0 0 0#0 0 0 0 0 0 0 0#0 0 0 0 0 0 0#0
-#0 3 3 0 0 0 0 0 0 3 3#0--#0 0 0 0 0 0 0 0 0 0 0 0 0 0 0 0 0 0 0 0 0 0 0 0#0 0 0 0 0@02 0 0#0 0 0 0 0 0 0#0
-#0 3 3 3 0 0 0 0 3 3 3#0--#0#0#0#0#0#0#0#0#0#0#0#0#0#0#0 0 0 0 0 0 0 0 0 0#0 0 0 0 0 0 0 0#0 0 0 0 0 0 0#0
-#0 3 3#0#0#0#0#0 3 3 3#0-------#0 0 0 0 0 0 0 0#0 0 0 0 0 0 0 0 0 0 0#0 0 0#0#0#0#0#0#0 0 0 0 0 0 0#0
-#0 3 3 3 3#0 3 3 3 3 3#0-----#0#0#0 0 0 0 0 0 0 0#0 0 0 0 0 0 0 0 0 0 0 0 0 0 0 0 0 0 0 0 0 0 0 0 0 0#0
-#0 3 3 3 3#0 3 3 3 3 3#0-----#0 0 0 0 0 0 0 0 0 0#0 0 0 0 0 0 0 0 0 0 0 0 0 0 0 0 0 0 0 0 0 0 0 0 0 0#0
-#0 3 3 3 3#0 3 3 3 3#0#0-----#0#1#1#1#1#1#1#1#1#1#1#1#1 0 0 0 0 0 0 0 0#0 0 0 0 0 0 0 0 0 0 0#0 0 0 0#0
-#0#0#0#0#0#0#0#0#0#0#0#0-----#0 0 0#0 0 0 0 0 0 0 0 0 0 0 0 0 0 0 0 0 0#0 0 0 0 0 0 0 0 0 0 0#0 0 0 0#0
------------------#0 0 0#0 0 0 0 0 0 0 0 0 0 0 0 0 0 0 0 0 0 0 0 0 0 0 0 0 0 0 0 0 0 0 0 0#0
------------------#0 0 0#0 0 0 0 0 0 0 0 0 0 0 0 0 0 0 0 0 0 0 0 0 0 0 0 0 0 0 0 0 0 0 0 0#0
------------------#0#1#1#1#1#1#1#1#1#1#1#1#1 0 0 0 0 0 0 0 0#0 0 0 0 0 0 0 0 0 0 0#0 0 0 0#0
------------------#0#0#0#0#0#0#0#0#0#0#0#0#1 0 0 0 0 0 0 0 0#0 0 0 0 0 0 0 0 0 0 0#0 0 0 0#0
-------------------------#0#0#0#0#0#1#1#1#1#1#1#1#1 0 0 0 0 0 0 0 0 0 0 0 0 0 0 0 0#0
-----------------------------#0 0 0 0 0 0#1 0#1 0 0 0 0 0 0 0 0 0 0 0 0 0 0 0#0#0
-----------------------------#0 0 0 0 0 0#1 0#1 0 0#0 0 0 0 0 0 0 0 0 0#0#0#0#0#0
-----------------------------#0 0 0 0 0 0#1#1#1 0 0#0=2=2#0#0#0#0#0=2=2#0----
-----------------------------#0 0 0 0 0 0#0 0 0 0 0#0 1 1 1 1 1 1 1 1 1#0----
-----------------------------#0 0 0 0 0 0#0 0 0 0 0#0 1 1 1 1 1 1 1 1 1#0----
-----------------------------#0#0#0#0#0#0#0#0#0 0 0#0 1 1 1 1 1 1 1 1 1#0----
-----------------------------#0#0#0#0#0#0#0#0#0 0 0#0 1 1 1 1 1 1 1 1 1#0----
-----------------------------#0#0#0#0#0#0#0#0#0 0 0#0 1 1 1 1 1 1 1 1 1#0----
-----------------------------#0#0#0#0#0#0#0#0#0 0 0#0 1 1 1 1 1 1 1 1 1#0----
-----------------------------#0#0#0#0#0#0#0#0#0 0 0#0#0 1 1 1 1 1 1 1 1#0----
-----------------------------#0#0#0#0#0#0#0#0#0 0 0 0#0 1 1 1 1 1 1 1 1#0----
-----------------------------#0 3 3 3 3 3 3 3#0 0 0 0#0 1 1 1 1 1 1 1 1#0----
-----------------------------#0 3 3 3 3 3 3 3#0 0 0 0#0 1 1 1 1 1 1 1 1#0----
-----------------------------#0 3 3 3 3 3 3 3#0 0 0 0#0 1 1 1 1 1 1 1 1#0----
-----------------------------#0 3 3 3 3 3 3 3 0 0 0 0#0 1 1 1 1 1 1 1 1#0----
-----------------------------#0#0#0#0#0#0#0#0#0 0 0 0#0 1 1 1 1 1 1 1 1#0----
-----------------------------#0 3 3 3 3 3 3 3 0 0 0 0#0 1 1 1 1 1 1 1 1#0----
-----------------------------#0 3 3 3 3 3 3 3#0 0 0 0#0 1 1 1 1 1 1 1 1#0----
-----------------------------#0 3 3 3 3 3 3 3#0 0 0v0100#0 1 1 1 1 1 1 1 1#0----
-----------------------------#0#0#0#0#0#0#0#0#0#0#0#0#0#0#0#0#0#0#0#0#0#0----
