width = 71
height = 55
--------------------------#0#0#0#0#0#0#0#0#0#0#0#0#0#0#0#0#0#0#0#0#0#0#0#0#0#0#0#0#0#0#0#0#0#0#0#0#0#0#0#0#0#0#0#0#0
--------------------------#0 0 0 0#0 0 0 0 0 0 0 0 0 0 0 0 0#0 0 0 0 0 0 0 0 0 0 0 0 0 0 0 0=0 0 0=0 0#0 0 0 0 0 0#0
--------------------------#0 0 0 0#0 0 0 0 0 0 0 0 0 0 0 0 0#0 0 0 0 0 0 0 0 0 0 0 0 0 0 0 0#0#0=1#0 0#0 0 0 0 0 0#0
--------------------------#0 0 0 0#0 0 0 0 0 0 0 0 0 0 0 0 0#0 0 0 0 0 0 0 0 0 0 0 0 0 0 0 0#0 0 0#0 0#0 0 0 0 0 0#0
----------------------#0#0#0#0#0=1#0#0#0 0 0 0 0 0 0 0 0 0 0 0 0#0 0 0 0 0 0 0 0 0 0 0 0 0 0 0 0#0 0 0#0 0=2 0 0 0 0 0#0
----------------------#0 0 0 0 0 0 0 0=1 0 0 0 0 0 0 0 0 0 0 0 0#0 0 0 0 0 0 0 0 0 0 0 0 0 0 0 0#0 0 0=1 0#0#0#0#0#0#0#0
----------------------#0 0 0 0#0#0#0#0#0 0 0 0 0 0 0 0 0 0 0 0 0#0 0 0 0 0 0 0 0 0 0 0 0 0 0 0 0#0#0#0#0 0#0#0#0#0---
----------------------#0 0 0 0#0---#0 0 0 0 0 0 0 0 0 0 0 0 0#0 0 0 0 0 0 0 0 0 0 0 0 0 0 0 0#0 3 3#0 0#0#0#0#0---
----------------------#0 0 0 0#0---#0 0 0 0 0 0 0 0 0 0 0 0 0#0 0 0 0 0 0 0 0 0 0 0 0 0 0 0 0#0 3 3#0 0#0#0#0#0---
----------------------#0 0 0 0#0---#0 0 0 0 0 0 0 0 0 0 0 0 0#0 0 0 0 0 0 0 0 0 0 0 0 0 0 0 0#0 3 3=0 0#0#0#0#0---
----------------------#0 0 0 0#0---#0 0 0 0 0 0 0 0 0 0 0 0 0#0 0 0 0 0 0 0 0 0 0 0 0 0 0 0 0#0#0#0#0 0 0 0 0#0---
----------------------#0 0 0 0#0#0#0#0#0#0#0#0#0 0 0 0 0 0 0 0 0#0 0 0 0 0 0 0 0 0 0 0 0 0 0 0 0#0 3 3=0 0#0#0#0#0#0#0#0
#0#0#0#0#0#0#0-------#0#0#0#0#0#0#0#0#0 0 0#0#0 0 0 0#0 0 0 0#0 0 0 0 0 0 0 0 0#0#0 0 0 0 0 0 0 0 0 0 0 0 0 0 0#0 3 3#0 0#0 0 0 0 0 0#0
#0 0 0 0 0v0302#0-------#0 0 0 0 0 0 0 0#0 0 0#0#0 0 0 0#0 0 0 0#0 0 0 0 0 0#0#0#0#0#0 0 0#0#0#0#0#0#0#0#0#0#0 0 0#0 3 3#0 0#0 0 0 0 0 0#0
#0 0 0 0#0#0#0-------#0 0 0 0 0 0 0 0 0 0 0#0#0=1#0#0#0=1#0#0#0=1=1#0#0#0#0 0 0#0#0=1=1#0#0#0#0#0#0#0#0#0#0=1=1#0#0#0#0 0#0 0 0 0 0 0#0
#0=0=0#0#0#0#0#0#0#0#0#0#0#0#0 0 0 0 0 0 0 0 0 0 0 0 0 0 0 0 0 0 0 0 0 0 0 0 0 0 0 0 0 0 0 0 0 0 0 0 0 0 0 0 0 0 0 0 0 0 0 0 0 0#0 0 0 0 0 0#0
#0 0 0 0 0 0 0 0 0 0 0 0 0 0 0 0 0 0 0 0 0 0 0 0 0 0 0 0 0 0 0 0 0 0 0 0 0 0 0 0 0 0 0 0 0 0 0 0 0 0 0 0 0 0 0 0 0 0 0 0 0 0 0 0=1 0 0 0 0 0#0
#0 0 0 0#0#0#0#0#0#0#0#0#0#0#0 0 0 0 0 0#0#0#0#0#0#0#0#0#0#0#0#0#0#0#0#0#0#0#0#0#0#0#0#0#0#0#0#0#0#0#0#0#0#0#0#0 0 0 0#0#0#0#0#0#0#0#0#0#0#0#0
#0 0 0 0 0 0#0 0 0 0 0#0--#0 0 0 0 0 0#0 0 0 0 0 0#0----------------------------#0 0 0 0#0-----------
#0 0 0 0 0 0#0 0 0 0 0#0--#0 0 0 0 0 0#0 0 0 0 0 0#0----------------------------#0 0 0 0#0-----------
#0 0 0 0 0 0#0 0 0 0 0#0--#0 0 0 0 0 0#0 0 0 0 0 0#0----------------------------#0 0 0 0#0-----------
#0 0 0 0 0 0#0=1#0#0#0#0--#0 0 0 0 0 0=1 0 0 0 0 0#0--------------------------#0#0#0 0 0 0#0-----------
#0 0 0 0 0#0#0 0 0 3#0#0--#0 0 0 0 0 0#0#0#0#0#0#0#0--------------------------#0v0303 0 0 0 0#0-----------
#0 0 0 0 0 0 0 0#0 3 3#0--#0 0 0 0 0 0#0--------------------------------#0#0#0#0#0#0#0-----------
#0 0 0 0 0#0#0#0 3 3 3#0--#0 0 0 0 0 0#0--------------------------------------------------
#0 0 0 0 0 0#0 3 3 3 3#0--#0 0 0 0 0 0#0--------------------------------------------------
#0 0 0 0 0 0#0 3 3 3 3#0--#0 0 0 0 0 0#0--------------------------------------------------
#0 0 0 0 0 0#0#0#0#0#0#0--#0 0 0 0#0#0#0#0#0#0#0----------------------------------------------
#0 0 0 0 0 0#0 3 3 3 3#0--#0 0 0 0=1 0 0 0 0 0#0----------------------------------------------
#0 0 0 0 0 0#0 3 3 3 3#0--#0 0 0 0#0 0 0 0 0 0#0----------------------------------------------
#0 0 0 0 0 0#0 3 3 3 3#0--#0 0 0 0#0 0 0 0 0 0#0----------------------------------------------
#0 0 0 0 0#0#0#0 3 3 3#0--#0 0 0 0#0 0 0 0 0 0#0----------------------------------------------
#0 0 0 0 0 0 0 0 3#0 3#0--#0 0 0 0#0 0 0 0 0 0#0----------------------------------------------
#0 0 0 0 0#0#0#0#0#0#0#0#0#0#0 0 0 0#0 0 0 0 0 0#0----------------------------------------------
#0 0 0 0 0 0 0 0 0 0 0 0 0 0#0 0 0 0#0 0#0#0#0#0#0----------------------------------------------
#0 0 0 0 0 0 0 0 0 0 0 0 0 0#0 0 0 0#0 0 0 0 0 0#0----------------------------------------------
#0 0 0 0 0 0 0 0 0 0 0 0 0 0#0 0 0 0#0 0 0 0 0 0#0----------------------------------------------
#0#0^0501^0501^0501#0#0#0#0#0#0 0 0 0#0 0 0 0#0 0 0 0 0 0#0----------------------------------------------
-#0#0#0#0#0-#0v0201 0 0 0 0 0#0 0 0 0#0 0 0 0 0 0#0----------------------------------------------
-------#0v0201 0 0 0 0 0#0 0 0 0#0 0 0 0 0 0#0----------------------------------------------
-------#0v0201 0 0 0 0 0#0 0 0 0=1 0 0 0 0 0#0----------------------------------------------
-------#0#0#0#0#0#0#0#0 0 0 0#0#0#0#0#0#0#0----------------------------------------------
--------#0#0 0 0 0 0 0 0 0 0#0----------------------------------------------------
--------#0- 0 0 0 0 0 0 0 0#0----------------------------------------------------
--------#0#0 0 0 0 0 0 0 0 0#0----------------------------------------------------
--------#0- 0 0 0 0 0 0 0 0#0#0#0#0#0#0#0----------------------------------------------
--------#0#0 0 0 0 0 0 0 0 0=0 0 0 0 0 0#0----------------------------------------------
---------#0#0#0=1#0#0=0#0#0#0 0 0 0 0 0#0----------------------------------------------
---------#0 0 0 0 0#0 0 0 0#0 0 0 0 0 0#0----------------------------------------------
---------#0 0 0 0 0#0 0 0 0#0 0 0 0 0 0#0----------------------------------------------
-------#0#0#0 0 0 0 0#0#0#0=1#0 0 0 0 0 0#0----------------------------------------------
-------#0 0 0 0 0 0 0=1 0 0 0 0 0 0 0 0 0#0----------------------------------------------
-------#0 0 0 0 0 0 0#0=1#0 0 0 0 0 0 0 0#0----------------------------------------------
-------#0 0 0 0 0 0 0#0 0#0 0 0 0 0 0 0 0#0----------------------------------------------
-------#0#0#0#0#0#0#0#0#0#0#0#0#0#0#0#0#0#0----------------------------------------------
